# Nota: C-Order, 1 refers to the Y axis, 2 to the X axis 
# Calibration done at Thu Nov 18 10:04:00 2021
poni_version: 2
Detector: Pilatus1M
Detector_config: {}
Distance: 2.059956519700904
Poni1: 0.0343983938172763
Poni2: 0.13468284588884322
Rot1: -0.0
Rot2: -0.0
Rot3: 0.0
Wavelength: 8.265613228880018e-11
